16
4
4
1
0 14 16 0 4 0 13 7 12 0 1 0 15 0 6 0
0 13 6 0 9 0 0 0 15 0 0 0 0 0 0 0
9 10 0 8 0 0 0 16 0 0 0 5 3 0 2 0 
11 0 0 0 3 12 0 0 2 14 0 0 0 13 0 10
0 0 0 6 10 0 0 11 4 0 0 12 0 0 9 0
15 8 10 0 0 9 0 2 14 3 6 0 13 5 1 0
4 9 0 5 0 0 0 12 16 0 11 0 7 0 14 0
0 2 11 16 1 0 0 14 0 0 0 8 6 0 4 0
0 6 0 0 11 0 0 0 0 0 0 0 0 0 3 0
0 5 0 0 6 0 0 3 0 9 7 0 0 1 11 15
0 4 0 15 5 0 0 9 3 11 0 0 12 6 0 13
0 16 0 0 8 0 0 1 6 5 0 0 0 7 0 4
0 0 4 0 12 11 0 0 9 0 0 0 0 16 5 2
6 0 8 2 0 0 0 0 0 4 12 0 0 3 0 0
0 12 5 1 0 4 6 0 11 13 0 0 0 8 15 9
10 0 9 13 2 8 3 5 0 7 0 16 0 0 12 6
1